6e-06 786069 16672 9452 2.1% 1.2% 19485 11980 0.4%  1 1
2e-06 786194 16676 9454 2.1% 1.2% 19501 11990 0.4%  1 2
3e-06 786683 16681 9455 2.1% 1.2% 19518 12002 0.4%  1 3
3e-06 787031 16685 9458 2.1% 1.2% 19521 12005 0.4%  1 4
6e-06 787769 16694 9464 2.1% 1.2% 19532 12012 0.4%  1 5
8e-06 789348 16705 9476 2.1% 1.2% 19536 12022 0.4%  1 6
1e-05 792132 16730 9500 2.1% 1.2% 19560 12045 0.4%  1 7
1.3e-05 797834 16788 9548 2.1% 1.2% 19636 12098 0.4%  1 8
2.6e-05 809192 16915 9644 2.1% 1.2% 19760 12194 0.4%  1 9
5e-05 831724 17182 9836 2.1% 1.2% 20040 12384 0.4%  1 10
0.000141 876920 18349 10220 2.1% 1.2% 21246 12774 0.4%  1 11
0.00021 966955 20447 10988 2.1% 1.1% 23345 13542 0.4%  1 12
0.000388 1147223 24039 12524 2.1% 1.1% 26951 15078 0.4%  1 13
0.00078 1507523 31201 15535 2.1% 1.0% 34081 18090 0.4%  1 14
0.001517 2228415 45537 21742 2.0% 1.0% 48417 24297 0.3%  1 15
0.00345 3670197 74208 34030 2.0% 0.9% 77083 36583 0.3%  1 16
0.006309 6553799 131552 58606 2.0% 0.9% 134429 61160 0.3%  1 17
0.012495 12320964 246240 107758 2.0% 0.9% 249122 110314 0.3%  1 18
2e-06 786213 16676 9454 2.1% 1.2% 19500 11990 0.4%  2 1
3e-06 786690 16680 9454 2.1% 1.2% 19516 12001 0.4%  2 2
5e-06 787019 16681 9458 2.1% 1.2% 19515 12005 0.4%  2 3
3e-06 787718 16689 9463 2.1% 1.2% 19528 12011 0.4%  2 4
5e-06 789185 16705 9473 2.1% 1.2% 19528 12016 0.4%  2 5
1e-05 791792 16723 9493 2.1% 1.2% 19554 12038 0.4%  2 6
1.6e-05 797036 16771 9533 2.1% 1.2% 19603 12079 0.4%  2 7
2.6e-05 807697 16874 9613 2.1% 1.2% 19720 12163 0.4%  2 8
4.8e-05 828649 17087 9773 2.1% 1.2% 19931 12321 0.4%  2 9
0.000144 870666 18071 10093 2.1% 1.2% 20929 12641 0.4%  2 10
0.000188 954758 19455 10733 2.0% 1.1% 22353 13287 0.4%  2 11
0.000417 1122510 23521 11950 2.1% 1.1% 26401 14506 0.4%  2 12
0.000754 1458449 30179 14573 2.1% 1.0% 33081 17132 0.3%  2 13
0.001507 2130146 43490 19630 2.0% 0.9% 46369 22185 0.3%  2 14
0.003068 3473615 70114 29933 2.0% 0.9% 72992 32486 0.3%  2 15
3e-06 786761 16681 9455 2.1% 1.2% 19518 12002 0.4%  3 1
3e-06 787069 16681 9458 2.1% 1.2% 19518 12005 0.4%  3 2
6e-06 787725 16685 9461 2.1% 1.2% 19524 12009 0.4%  3 3
7e-06 789165 16703 9470 2.1% 1.2% 19526 12013 0.4%  3 4
8e-06 791682 16722 9488 2.1% 1.2% 19553 12033 0.4%  3 5
1.3e-05 796731 16759 9524 2.1% 1.2% 19592 12070 0.4%  3 6
2.7e-05 806949 16857 9596 2.1% 1.2% 19679 12138 0.4%  3 7
5.1e-05 827168 17037 9740 2.1% 1.2% 19872 12285 0.4%  3 8
9.8e-05 867620 17940 10028 2.1% 1.2% 20775 12573 0.4%  3 9
0.00019 948675 19158 10604 2.0% 1.1% 22053 13156 0.4%  3 10
0.000389 1110285 21590 11695 1.9% 1.1% 24470 14251 0.4%  3 11
0.000761 1433870 29677 14062 2.1% 1.0% 32557 16618 0.3%  3 12
0.001518 2081119 42478 18670 2.0% 0.9% 45380 21229 0.3%  3 13
0.00299 3375398 68077 27824 2.0% 0.8% 70956 30377 0.3%  3 14
0.006194 5964088 119277 46319 2.0% 0.8% 122154 48872 0.3%  3 15
5e-06 787198 16685 9458 2.1% 1.2% 19519 12005 0.4%  4 1
3e-06 787874 16689 9463 2.1% 1.2% 19528 12011 0.4%  4 2
5e-06 789279 16702 9470 2.1% 1.2% 19533 12016 0.4%  4 3
8e-06 791726 16721 9487 2.1% 1.2% 19547 12030 0.4%  4 4
1.5e-05 796689 16758 9521 2.1% 1.2% 19588 12065 0.4%  4 5
2.5e-05 806698 16844 9589 2.1% 1.2% 19673 12133 0.4%  4 6
4.9e-05 826515 17022 9725 2.1% 1.2% 19849 12266 0.4%  4 7
9.6e-05 866264 17699 9997 2.0% 1.2% 20541 12543 0.4%  4 8
0.00019 945716 19032 10541 2.0% 1.1% 21911 13090 0.4%  4 9
0.000419 1104307 21212 11568 1.9% 1.0% 24092 14122 0.4%  4 10
0.000747 1421745 25833 13807 1.8% 1.0% 28713 16361 0.3%  4 11
0.00149 2056637 41983 18159 2.0% 0.9% 44863 20713 0.3%  4 12
0.003335 3326462 67073 26863 2.0% 0.8% 69974 29418 0.3%  4 13
0.006118 5865946 117246 44209 2.0% 0.8% 120123 46760 0.3%  4 14
0.012388 10944986 217598 79088 2.0% 0.7% 220474 81639 0.3%  4 15
8e-06 788149 16694 9464 2.1% 1.2% 19524 12009 0.4%  5 1
6e-06 789556 16705 9473 2.1% 1.2% 19534 12019 0.4%  5 2
9e-06 791987 16723 9488 2.1% 1.2% 19553 12033 0.4%  5 3
1.3e-05 796882 16760 9521 2.1% 1.2% 19588 12065 0.4%  5 4
2.5e-05 806811 16840 9587 2.1% 1.2% 19669 12131 0.4%  5 5
4.9e-05 826454 17012 9719 2.1% 1.2% 19838 12260 0.4%  5 6
9.6e-05 865719 17562 9983 2.0% 1.2% 20389 12524 0.4%  5 7
0.000191 944523 18976 10511 2.0% 1.1% 21858 13062 0.4%  5 8
0.000376 1101501 21087 11506 1.9% 1.0% 23954 14059 0.3%  5 9
0.000767 1415913 25313 13681 1.8% 1.0% 28193 16235 0.3%  5 10
0.001542 2044649 34315 17905 1.7% 0.9% 37195 20459 0.3%  5 11
0.003106 3302099 66594 26353 2.0% 0.8% 69473 28905 0.3%  5 12
0.006108 5817136 116260 43249 2.0% 0.7% 119159 45804 0.3%  5 13
0.012354 10846979 215586 76979 2.0% 0.7% 218462 79530 0.3%  5 14
0.025019 20906868 414242 144626 2.0% 0.7% 417121 147181 0.3%  5 15
9e-06 790161 16705 9476 2.1% 1.2% 19537 12022 0.4%  6 1
1e-05 792555 16723 9493 2.1% 1.2% 19545 12035 0.4%  6 2
1.4e-05 797450 16759 9524 2.1% 1.2% 19591 12070 0.4%  6 3
2.8e-05 807324 16845 9589 2.1% 1.2% 19675 12133 0.4%  6 4
5.1e-05 826881 17011 9719 2.1% 1.2% 19838 12260 0.4%  6 5
9.8e-05 865845 17518 9979 2.0% 1.2% 20343 12520 0.4%  6 6
0.000191 944280 18947 10499 2.0% 1.1% 21814 13046 0.4%  6 7
0.000494 1100565 21026 11478 1.9% 1.0% 23892 14031 0.3%  6 8
0.00077 1413404 25186 13621 1.8% 1.0% 28053 16174 0.3%  6 9
0.001522 2039109 33507 17781 1.6% 0.9% 36388 20335 0.3%  6 10
0.003153 3290419 51214 26101 1.6% 0.8% 54093 28653 0.3%  6 11
0.006069 5793103 115809 42741 2.0% 0.7% 118684 45293 0.3%  6 12
0.012377 10798499 214627 76021 2.0% 0.7% 217529 78578 0.3%  6 13
0.024964 20809157 412256 142519 2.0% 0.7% 415129 145071 0.3%  6 14
0.050745 40830629 807520 275702 2.0% 0.7% 810397 278260 0.3%  6 15
1.3e-05 793778 16730 9500 2.1% 1.2% 19560 12045 0.4%  7 1
1.5e-05 798659 16771 9533 2.1% 1.2% 19604 12079 0.4%  7 2
2.6e-05 808516 16856 9596 2.1% 1.2% 19684 12141 0.4%  7 3
5.1e-05 828009 17022 9725 2.1% 1.2% 19849 12266 0.4%  7 4
9.8e-05 866965 17521 9983 2.0% 1.2% 20347 12524 0.4%  7 5
0.00019 945114 18946 10499 2.0% 1.1% 21814 13046 0.4%  7 6
0.000433 1100954 21010 11470 1.9% 1.0% 23861 14022 0.3%  7 7
0.000774 1413093 25134 13597 1.8% 1.0% 27998 16150 0.3%  7 8
0.001551 2037220 33393 17725 1.6% 0.9% 36256 20278 0.3%  7 9
0.003067 3285498 49907 25981 1.5% 0.8% 52783 28533 0.3%  7 10
0.006219 5782040 85138 42493 1.5% 0.7% 88012 45045 0.3%  7 11
0.012129 10775069 214249 75517 2.0% 0.7% 217123 78069 0.3%  7 12
0.025578 20761309 411371 141565 2.0% 0.7% 414273 144126 0.3%  7 13
0.050546 40733535 805608 273599 2.0% 0.7% 808481 276157 0.3%  7 14
0.109833 80677724 1594088 537873 2.0% 0.7% 1596961 540431 0.2%  7 15
3.3e-05 801117 16787 9548 2.1% 1.2% 19620 12091 0.4%  8 1
2.8e-05 810966 16872 9613 2.1% 1.2% 19712 12159 0.4%  8 2
5.1e-05 830383 17035 9740 2.1% 1.2% 19872 12284 0.4%  8 3
9.9e-05 869377 17592 9997 2.0% 1.1% 20428 12539 0.4%  8 4
0.000213 947421 18973 10511 2.0% 1.1% 21850 13058 0.4%  8 5
0.000391 1103047 21024 11478 1.9% 1.0% 23888 14031 0.3%  8 6
0.00076 1414750 25133 13597 1.8% 1.0% 27994 16150 0.3%  8 7
0.001583 2038198 33360 17709 1.6% 0.9% 36225 20265 0.3%  8 8
0.003299 3284897 49806 25933 1.5% 0.8% 52661 28485 0.3%  8 9
0.0065 5778396 82705 42381 1.4% 0.7% 85581 44936 0.3%  8 10
0.012869 10765285 152992 75277 1.4% 0.7% 155865 77832 0.3%  8 11
0.024867 20739156 411127 141069 2.0% 0.7% 414009 143628 0.3%  8 12
0.050618 40686972 804857 272653 2.0% 0.7% 807759 275220 0.2%  8 13
0.104144 80581927 1592310 535759 2.0% 0.7% 1595180 538318 0.2%  8 14
0.210177 160372028 3167222 2115569 2.0% 1.3% 3170096 2118276 0.5%  8 15
3.6e-05 815809 16913 9644 2.1% 1.2% 19753 12190 0.4%  9 1
5.6e-05 835221 17085 9773 2.0% 1.2% 19914 12314 0.4%  9 2
0.000101 874167 17749 10028 2.0% 1.1% 20586 12572 0.4%  9 3
0.000193 952066 19032 10541 2.0% 1.1% 21905 13086 0.4%  9 4
0.000529 1107741 21086 11506 1.9% 1.0% 23951 14059 0.3%  9 5
0.000751 1419221 25186 13621 1.8% 1.0% 28050 16174 0.3%  9 6
0.001521 2042207 33391 17725 1.6% 0.9% 36253 20278 0.3%  9 7
0.003313 3288238 49807 25933 1.5% 0.8% 52671 28488 0.3%  9 8
0.006287 5780150 82640 42349 1.4% 0.7% 85502 44903 0.3%  9 9
0.012425 10763988 148306 75181 1.4% 0.7% 151182 77736 0.3%  9 10
0.024585 20731737 288673 140845 1.4% 0.7% 291555 143404 0.3%  9 11
0.05132 40667167 804888 272173 2.0% 0.7% 807767 274735 0.2%  9 12
0.10505 80537708 1591834 534829 2.0% 0.7% 1594733 537394 0.2%  9 13
0.209023 160278567 3165721 2111474 2.0% 1.3% 3168592 2114181 0.5%  9 14
0.419173 319760395 6313497 4212785 2.0% 1.3% 6316359 4215488 0.5%  9 15
6.7e-05 844981 17180 9836 2.0% 1.2% 20030 12377 0.4%  10 1
0.000108 883919 18005 10093 2.0% 1.1% 20863 12637 0.4%  10 2
0.000195 961867 19157 10604 2.0% 1.1% 22053 13152 0.4%  10 3
0.000379 1117406 21212 11568 1.9% 1.0% 24097 14122 0.3%  10 4
0.000767 1428798 25312 13681 1.8% 1.0% 28194 16235 0.3%  10 5
0.001504 2051592 33507 17781 1.6% 0.9% 36393 20335 0.3%  10 6
0.003276 3297150 49905 25981 1.5% 0.8% 52787 28533 0.3%  10 7
0.006165 5788386 82705 42381 1.4% 0.7% 85589 44936 0.3%  10 8
0.012122 10770658 148306 75181 1.4% 0.7% 151190 77736 0.3%  10 9
0.024249 20735350 279505 140780 1.3% 0.7% 282395 143339 0.3%  10 10
0.050296 40664650 560002 271980 1.4% 0.7% 562886 274542 0.2%  10 11
0.102258 80522831 1592409 534380 2.0% 0.7% 1595293 536942 0.2%  10 12
0.207203 160239277 3165787 2109613 2.0% 1.3% 3168693 2112330 0.5%  10 13
0.419414 319671857 6312538 4208752 2.0% 1.3% 6315408 4211455 0.5%  10 14
0.845093 638537272 12606042 8407215 2.0% 1.3% 12608910 8409917 0.5%  10 15
0.000141 903485 18332 10220 2.0% 1.1% 21227 12767 0.4%  11 1
0.00021 981300 19413 10733 2.0% 1.1% 22316 13283 0.4%  11 2
0.000388 1136811 21463 11695 1.9% 1.0% 24356 14251 0.3%  11 3
0.00078 1448177 25564 13807 1.8% 1.0% 28457 16361 0.3%  11 4
0.001517 2070857 33759 17905 1.6% 0.9% 36649 20459 0.3%  11 5
0.00345 3316225 50147 26101 1.5% 0.8% 53039 28653 0.3%  11 6
0.006309 5807000 82929 42493 1.4% 0.7% 85813 45045 0.3%  11 7
0.012495 10788587 148497 75277 1.4% 0.7% 151385 77832 0.3%  11 8
0.024765 20751690 279634 140845 1.3% 0.7% 282530 143404 0.3%  11 9
0.050745 40677961 541907 271980 1.3% 0.7% 544796 274542 0.2%  11 10
0.103703 80529986 1102658 534252 1.4% 0.7% 1105547 536814 0.2%  11 11
0.207995 160234198 3167454 2108848 2.0% 1.3% 3170372 2111579 0.5%  11 12
0.427804 319642240 6313691 4207021 2.0% 1.3% 6316595 4209734 0.5%  11 13
0.862293 638458443 12606170 8403312 2.0% 1.3% 12609048 8406014 0.5%  11 14
1.69145 1276090948 25191130 16796079 2.0% 1.3% 25194003 16798777 0.5%  11 15
0.000253 1020202 19930 10988 2.0% 1.1% 22836 13538 0.4%  12 1
0.000423 1175695 21979 11950 1.9% 1.0% 24862 14503 0.3%  12 2
0.000775 1487013 26079 14062 1.8% 0.9% 28971 16618 0.3%  12 3
0.001604 2109670 34275 18159 1.6% 0.9% 37158 20710 0.3%  12 4
0.003353 3354938 50663 26353 1.5% 0.8% 53546 28902 0.3%  12 5
0.00622 5845524 83435 42741 1.4% 0.7% 86325 45293 0.3%  12 6
0.013029 10826642 148985 75517 1.4% 0.7% 151868 78069 0.3%  12 7
0.024901 20789075 280089 141069 1.3% 0.7% 282985 143628 0.3%  12 8
0.051088 40713747 542298 272173 1.3% 0.7% 545187 274735 0.2%  12 9
0.104388 80562774 1066715 534380 1.3% 0.7% 1069607 536942 0.2%  12 10
0.206165 160260833 2187983 2108848 1.4% 1.3% 2190910 2111585 0.5%  12 11
0.416058 319656568 6317537 4206509 2.0% 1.3% 6320435 4209217 0.5%  12 12
0.843672 638448262 12609505 8401837 2.0% 1.3% 12612406 8404549 0.5%  12 13
1.7356 1276031581 25193441 16792432 2.0% 1.3% 25196320 16795135 0.5%  12 14
3.38159 2551199046 50361314 33573808 2.0% 1.3% 50364193 33576511 0.5%  12 15
0.000501 1253681 23010 12524 1.8% 1.0% 25926 15074 0.3%  13 1
0.000961 1564899 27101 14573 1.7% 0.9% 30016 17132 0.3%  13 2
0.001669 2187514 35296 18670 1.6% 0.9% 38210 21229 0.3%  13 3
0.003081 3432750 51685 26863 1.5% 0.8% 54596 29418 0.3%  13 4
0.006186 5923215 84457 43249 1.4% 0.7% 87360 45801 0.3%  13 5
0.012207 10904155 149997 76021 1.4% 0.7% 152909 78576 0.3%  13 6
0.0249 20866126 281083 141565 1.3% 0.7% 283994 144124 0.3%  13 7
0.049927 40790134 543259 272653 1.3% 0.7% 546172 275218 0.2%  13 8
0.103581 80637544 1067612 534829 1.3% 0.7% 1070524 537394 0.2%  13 9
0.207546 160332461 2116317 2109614 1.3% 1.3% 2119227 2112331 0.5%  13 10
0.410867 319722126 4358604 4207021 1.4% 1.3% 4361511 4209734 0.5%  13 11
0.83567 638501535 12617697 8401837 2.0% 1.3% 12620602 8404549 0.5%  13 12
1.68836 1276060301 25201121 16791469 2.0% 1.3% 25204027 16794182 0.5%  13 13
3.37659 2551178765 50367977 33570737 2.0% 1.3% 50370903 33573463 0.5%  13 14
6.69853 5101413793 100701668 67129264 2.0% 1.3% 100704573 67131974 0.5%  13 15
0.00101 1720471 29151 15535 1.7% 0.9% 32042 18090 0.3%  14 1
0.001711 2343088 37340 19630 1.6% 0.8% 40232 22185 0.3%  14 2
0.003151 3588278 53726 27824 1.5% 0.8% 56616 30377 0.3%  14 3
0.006181 6078726 86496 44209 1.4% 0.7% 89384 46760 0.3%  14 4
0.01249 11059554 152038 76979 1.4% 0.7% 154926 79530 0.3%  14 5
0.02526 21021331 283113 142519 1.3% 0.7% 286005 145074 0.3%  14 6
0.051667 40944833 545272 273599 1.3% 0.7% 548151 276154 0.2%  14 7
0.106195 80791596 1069591 535759 1.3% 0.7% 1072475 538318 0.2%  14 8
0.207483 160484918 2118234 2111475 1.3% 1.3% 2121122 2114182 0.5%  14 9
0.410536 319871543 4215515 4208753 1.3% 1.3% 4218392 4211456 0.5%  14 10
0.820271 638644804 8618958 8403312 1.3% 1.3% 8621834 8406014 0.5%  14 11
1.66233 1276191335 25201632 16792432 2.0% 1.3% 25204514 16795135 0.5%  14 12
3.36237 2551285120 50367971 33570673 2.0% 1.3% 50370872 33573383 0.5%  14 13
6.7533 5101471111 100717024 67127153 2.0% 1.3% 100719904 67129854 0.5%  14 14
13.5746 10201842995 201382368 134240113 2.0% 1.3% 201385241 134242810 0.5%  14 15
0.002056 2654342 41439 21742 1.6% 0.8% 44328 24297 0.3%  15 1
0.003486 3899557 57820 29933 1.5% 0.8% 60711 32486 0.3%  15 2
0.006273 6389967 90590 46319 1.4% 0.7% 93479 48872 0.3%  15 3
0.012528 11370768 156128 79088 1.4% 0.7% 159017 81639 0.3%  15 4
0.025475 21332439 287206 144626 1.3% 0.7% 290097 147181 0.3%  15 5
0.049901 41255777 549353 275702 1.3% 0.7% 552242 278260 0.2%  15 6
0.103784 81102050 1073656 537873 1.3% 0.7% 1076543 540431 0.2%  15 7
0.207874 160794683 2122263 2115570 1.3% 1.3% 2125151 2118277 0.5%  15 8
0.411393 320179750 4219482 4212786 1.3% 1.3% 4222362 4215489 0.5%  15 9
0.838717 638949970 8413915 8407216 1.3% 1.3% 8416794 8409918 0.5%  15 10
1.65205 1276490339 17220558 16796079 1.3% 1.3% 17223440 16798782 0.5%  15 11
3.30982 2551571799 50385889 33573808 2.0% 1.3% 50388769 33576511 0.5%  15 12
